states
110
111
112
120
121
122
130
131
132
140
141
142
transitions
(110, att110 ,110)
(110, 201 ,110)
(110, 221 ,112)
(110, 11a2 ,120)
(111, att111 ,111)
(111, 205 ,110)
(111, 225 ,112)
(112, att112 ,112)
(112, 229 ,112)
(112, 209 ,110)
(120, att120 ,120)
(120, 202 ,120)
(120, 222 ,122)
(120, 111 ,131)
(120, 112 ,131)
(120, 113 ,131)
(120, 114 ,131)
(121, att121 ,121)
(121, 206 ,120)
(121, 226 ,122)
(121, 115 ,131)
(121, 116 ,131)
(121, 117 ,131)
(121, 118 ,131)
(122, att122 ,122)
(122, 2210 ,122)
(122, 2010 ,120)
(122, 1109 ,131)
(122, 1110 ,131)
(122, 1111 ,131)
(122, 1112 ,131)
(130, att130 ,130)
(130, 203 ,130)
(130, 13a10 ,110)
(130, 223 ,132)
(131, att131 ,131)
(131, 207 ,130)
(131, 227 ,132)
(131, 13a4 ,141)
(132, att132 ,132)
(132, 2211 ,132)
(132, 2011 ,130)
(132, 13a12 ,112)
(140, att140 ,140)
(140, 204 ,140)
(140, 224 ,142)
(140, 101 ,110)
(140, 102 ,110)
(140, 103 ,110)
(140, 104 ,110)
(141, att141 ,141)
(141, 208 ,140)
(141, 228 ,142)
(141, 105 ,110)
(141, 106 ,110)
(141, 107 ,110)
(141, 108 ,110)
(142, att142 ,142)
(142, 2212 ,142)
(142, 2012 ,140)
(142, 109 ,110)
(142, 1010 ,110)
(142, 1011 ,110)
(142, 1012 ,110)
