states
210
211
212
220
221
222
230
231
232
240
241
242
transitions
(210, att210 ,210)
(210, 101 ,210)
(210, 111 ,211)
(210, 21a2 ,220)
(211, att211 ,211)
(211, 115 ,211)
(211, 105 ,210)
(212, att212 ,212)
(212, 1109 ,211)
(212, 109 ,210)
(220, att220 ,220)
(220, 102 ,220)
(220, 112 ,221)
(220, 221 ,232)
(220, 222 ,232)
(220, 223 ,232)
(220, 224 ,232)
(221, att221 ,221)
(221, 106 ,220)
(221, 116 ,221)
(221, 225 ,232)
(221, 226 ,232)
(221, 227 ,232)
(221, 228 ,232)
(222, att222 ,222)
(222, 1110 ,221)
(222, 1010 ,220)
(222, 229 ,232)
(222, 2210 ,232)
(222, 2211 ,232)
(222, 2212 ,232)
(230, att230 ,230)
(230, 103 ,230)
(230, 23a10 ,210)
(230, 113 ,231)
(231, att231 ,231)
(231, 107 ,230)
(231, 117 ,231)
(231, 23a11 ,211)
(232, att232 ,232)
(232, 1111 ,231)
(232, 1011 ,230)
(232, 23a4 ,242)
(240, att240 ,240)
(240, 104 ,240)
(240, 114 ,241)
(240, 201 ,210)
(240, 202 ,210)
(240, 203 ,210)
(240, 204 ,210)
(241, att241 ,241)
(241, 108 ,240)
(241, 118 ,241)
(241, 205 ,210)
(241, 206 ,210)
(241, 207 ,210)
(241, 208 ,210)
(242, att242 ,242)
(242, 1112 ,241)
(242, 1012 ,240)
(242, 209 ,210)
(242, 2010 ,210)
(242, 2011 ,210)
(242, 2012 ,210)
