17, 215, 36, 45, 58, 103, 204, 3025, 1, 3, 6, 
17, 215, 36, 45, 58, 104, 204, 3025, 1, 3, 6, 
17, 215, 36, 411, 59, 103, 204, 306, 1, 3, 6, 
17, 215, 36, 411, 59, 103, 204, 3025, 1, 3, 6, 
17, 215, 36, 411, 59, 103, 203, 306, 1, 3, 6, 
17, 215, 36, 411, 59, 103, 203, 3025, 1, 3, 6, 
17, 215, 36, 411, 59, 104, 204, 306, 1, 3, 6, 
17, 215, 36, 411, 59, 104, 204, 3025, 1, 3, 6, 
17, 215, 36, 411, 59, 104, 203, 306, 1, 3, 6, 
17, 215, 36, 411, 59, 104, 203, 3025, 1, 3, 6, 
17, 215, 33, 45, 58, 104, 204, 3015, 1, 3, 6, 
17, 215, 33, 45, 58, 104, 204, 3025, 1, 3, 6, 
17, 215, 33, 45, 58, 104, 204, 3013, 1, 3, 6, 
17, 215, 33, 410, 58, 104, 204, 3013, 1, 3, 6, 
17, 215, 33, 410, 58, 104, 203, 3013, 1, 3, 6, 
17, 215, 33, 411, 59, 104, 204, 306, 1, 3, 6, 
17, 215, 33, 411, 59, 104, 204, 3015, 1, 3, 6, 
17, 215, 33, 411, 59, 104, 204, 3025, 1, 3, 6, 
17, 215, 33, 411, 59, 104, 204, 3013, 1, 3, 6, 
17, 215, 33, 411, 59, 104, 203, 306, 1, 3, 6, 
17, 215, 33, 411, 59, 104, 203, 3015, 1, 3, 6, 
17, 215, 33, 411, 59, 104, 203, 3025, 1, 3, 6, 
17, 215, 33, 411, 59, 104, 203, 3013, 1, 3, 6, 
13, 27, 36, 411, 59, 103, 203, 306, 1, 3, 6, 
13, 27, 36, 411, 59, 103, 203, 3025, 1, 3, 6, 
13, 215, 37, 45, 58, 103, 204, 3015, 1, 3, 6, 
13, 215, 37, 45, 58, 103, 204, 3025, 1, 3, 6, 
13, 215, 37, 45, 58, 103, 204, 3013, 1, 3, 6, 
13, 215, 37, 410, 58, 103, 204, 3013, 1, 3, 6, 
13, 215, 37, 410, 58, 103, 203, 3013, 1, 3, 6, 
13, 215, 37, 411, 59, 103, 204, 306, 1, 3, 6, 
13, 215, 37, 411, 59, 103, 204, 3015, 1, 3, 6, 
13, 215, 37, 411, 59, 103, 204, 3025, 1, 3, 6, 
13, 215, 37, 411, 59, 103, 204, 3013, 1, 3, 6, 
13, 215, 37, 411, 59, 103, 203, 306, 1, 3, 6, 
13, 215, 37, 411, 59, 103, 203, 3015, 1, 3, 6, 
13, 215, 37, 411, 59, 103, 203, 3025, 1, 3, 6, 
13, 215, 37, 411, 59, 103, 203, 3013, 1, 3, 6, 
13, 215, 36, 411, 58, 103, 204, 3025, 1, 3, 6, 
13, 215, 36, 411, 58, 103, 203, 3025, 1, 3, 6, 
